<?xml version="1.0"?>
<opencv_storage>
<image_width>1920</image_width>
<image_height>1080</image_height>
<camera_matrix type_id="opencv-matrix">
  <rows>3</rows>
  <cols>3</cols>
  <dt>d</dt>
  <data>
    3.2146253082917929e+03 0. 960. 0. 3.1452463284634550e+03 540. 0. 0.
    1.</data></camera_matrix>
<distortion_coefficients type_id="opencv-matrix">
  <rows>1</rows>
  <cols>5</cols>
  <dt>d</dt>
  <data>
    -4.6999504176990575e-01 4.4809399974417170e+00 0. 0.
    -3.2950961921192430e+01</data></distortion_coefficients>
</opencv_storage>
