<?xml version="1.0"?>
<opencv_storage>
<image_width>2560</image_width>
<image_height>1440</image_height>
<camera_matrix type_id="opencv-matrix">
  <rows>3</rows>
  <cols>3</cols>
  <dt>d</dt>
  <data>
    3.8913774235150063e+03 0. 1280. 0. 3.7395244580639310e+03 720. 0. 0.
    1.</data></camera_matrix>
<distortion_coefficients type_id="opencv-matrix">
  <rows>1</rows>
  <cols>5</cols>
  <dt>d</dt>
  <data>
    -3.7808637829945074e-01 2.2210918711381078e+00 0. 0.
    -1.5635679365173679e+01</data></distortion_coefficients>
</opencv_storage>
